   -0.56472684
    0.28242325
    0.28230356
   -0.03417769
   -0.04210008
   -0.03900492
   -0.03802454
   -0.03436945
   -0.03434555
    0.01423520
    0.01584532
    0.01294791
    0.01615053
    0.01498988
    0.01373772
   -0.00049281
    0.01350435
    0.00107007
   -0.02855519
   -0.03321861
   -0.04743780
    0.01178358
   -0.00555808
    0.01030852
   -0.04157469
    0.03244903
    0.01501675
   -0.03232368
    0.00293682
    0.00172972
    0.01316980
   -0.04501714
   -0.04059241
    0.01387536
    0.00174927
    0.00679062
   -0.08215568
    0.01369785
    0.21750542
   -0.03184439
    0.00220545
   -0.00868800
    0.01249643
   -0.04678108
   -0.03191970
   -0.02798180
   -0.00060810
    0.01412437
    0.00207828
    0.01221028
    0.00721444
    0.01270521
    0.00380171
    0.01333313
    0.01448081
   -0.03458378
   -0.03179412
   -0.03957164
   -0.04788167
   -0.04099702
   -0.03464250
    0.03339300
    0.03229118
    0.03101797
    0.03153893
    0.03207776
    0.03277567
    0.03417910
    0.03394119
    0.03205561
    0.03334077
    0.03510465
    0.03496795
    0.03273921
    0.03385183
    0.03391061
    0.03239444
    0.03322978
    0.03160432
    0.03184066
    0.04698016
    0.05332279
   -0.43495300
    0.12649374
