           1           2  0.92018041987693167     
           1           3  0.92024800953669916     
           4           9   1.6931813451620341     
           9          10   1.1648384616762524     
           4          11   1.1672438405627028     
           5          11   1.4450458320722075     
          11          12   1.2011487325264858     
           5          13   1.2731575613116066     
           6          13   1.3586574580600888     
          13          14   1.1855025558546921     
           6          15   1.2906279061353911     
           7          15   1.3673587111639227     
          15          16   1.1662720607865356     
           7          17   1.3018479006884762     
           8          17   1.2987030923407232     
          17          18   1.2217472964319693     
           8          19   1.4456809441757872     
          19          20   1.4470605976145614     
          10          21   1.4497786993306174     
          21          22   1.2785041397511381     
          10          23   1.2031654196126895     
          12          23   1.2003299945243455     
          23          24   1.3284884302121736     
          12          25   1.3395521720995465     
          14          25   1.4038451029096299     
          14          27   1.1554682411290791     
          16          27   1.3144801010746108     
          27          28   1.2692393845456471     
          16          29   1.2436508896624816     
          18          29   1.2659183540168653     
          29          30   1.2552854780783123     
          18          31   1.2283758408024339     
          20          31   1.2972540663416223     
          31          32   1.2969692406007878     
          22          33   1.3552971803261693     
          33          34   1.3343210693396177     
          22          35   1.1864679816297636     
          24          35   1.3529253564031329     
          35          36   1.2053979460634809     
          24          37   1.0334853596152429     
          37          38   1.0260183953419024     
          28          39   1.0780609596970210     
          39          40   1.0575839573512102     
          28          41   1.2762217473559752     
          30          41   1.2779116131652517     
          41          42   1.1978639965407820     
          30          43   1.1898772914203875     
          32          43   1.3802165077037596     
          43          44   1.2554794651742169     
          34          45   1.2878315074982964     
          26          46  0.96989718043861095     
          45          46   1.4588413472937123     
          34          47   1.1970294529073442     
          36          47   1.3523101260385262     
          47          48   1.1893534395797791     
          36          49   1.1775573798133574     
          38          49   1.4180990167074123     
          49          50   1.1595636593970908     
          38          51   1.2647713015670281     
          40          51   1.2923448546132894     
          51          52   1.1746530357450218     
          40          53   1.2911393732273988     
          42          53   1.2762665505658000     
          53          54   1.1693715446929576     
          42          55   1.2201897841556864     
          44          55   1.4364681153309167     
          55          56   1.1630871797203177     
          46          57   1.4283322598743411     
          48          57   1.3134835306398571     
          48          58   1.3158680514774665     
          50          58   1.3617709780512439     
          50          59   1.3014467377516044     
          52          59   1.3932155580375190     
          52          60   1.2512259750965393     
          54          60   1.4791109839424110     
          54          61   1.1682772211834396     
          56          61   1.6938639389539798     
          20          62  0.96939027206191253     
          32          63  0.96683385049042492     
          44          64  0.96672640254411879     
          56          65  0.96753575536144387     
           9          66  0.96710229296889816     
          21          67  0.96611173201599332     
          33          68  0.96625351070607268     
          45          69  0.96904310444369868     
           4          70  0.96674876722677117     
           5          71  0.96624346092859004     
           6          72  0.96631289550893995     
           7          73  0.96639294354175231     
           8          74  0.96938141704785297     
          57          75  0.96908764490338672     
          58          76  0.96628763770830184     
          59          77  0.96621110377003305     
          60          78  0.96558748359380409     
          61          79  0.96714446711459079     
          19          80  0.96997786787977680     
          25          81  0.94731491968526227     
          37          82  0.91672032272840043     
          39          83   1.6406396595935047     
          37          84  0.87258526833998196     
