    0.46434244
   -0.23219843
   -0.23214398
   -0.03416311
   -0.04196350
   -0.03877641
   -0.03774281
   -0.03413160
   -0.03448972
    0.01409541
    0.01580506
    0.01293266
    0.01623502
    0.01510803
    0.01386525
   -0.00037155
    0.01362508
    0.00117307
   -0.02845486
   -0.03303288
   -0.04763163
    0.01166183
   -0.00566442
    0.01027121
   -0.04151680
    0.03222862
    0.01508950
   -0.03226414
    0.00302449
    0.00182140
    0.01325062
   -0.04486836
   -0.04082280
    0.01378526
    0.00166261
    0.00674033
   -0.08214324
    0.01369722
    0.21752175
   -0.03181060
    0.00225235
   -0.00862209
    0.01255580
   -0.04669541
   -0.03212840
   -0.02804821
   -0.00065468
    0.01407227
    0.00202910
    0.01218181
    0.00720454
    0.01269776
    0.00381008
    0.01334688
    0.01451275
   -0.03455676
   -0.03195211
   -0.03969136
   -0.04793011
   -0.04100900
   -0.03463271
    0.03356291
    0.03241850
    0.03109683
    0.03156855
    0.03167712
    0.03236627
    0.03380076
    0.03361568
    0.03192118
    0.03339922
    0.03531015
    0.03525069
    0.03301740
    0.03369095
    0.03379386
    0.03232629
    0.03319489
    0.03159627
    0.03205409
    0.04705503
    0.05330198
   -0.43497699
    0.12646981
