           1           2   1.9677754766439315     
           1           3   1.9681614743222364     
           2           3  0.40203566072564229     
           4           9   1.6931744939310820     
           9          10   1.1648357175074080     
           4          11   1.1672427802752396     
           5          11   1.4450567053359882     
          11          12   1.2011512041730434     
           5          13   1.2731475484571149     
           6          13   1.3586636929186069     
          13          14   1.1855091357444236     
           6          15   1.2906316091370797     
           7          15   1.3673699342942103     
          15          16   1.1662673901750218     
           7          17   1.3018744578802544     
           8          17   1.2986903002753563     
          17          18   1.2217401728220489     
           8          19   1.4457074075786382     
          19          20   1.4470423896043914     
          10          21   1.4497608916630107     
          21          22   1.2785202483878897     
          10          23   1.2031770243652145     
          12          23   1.2003038692382932     
          23          24   1.3285152254119763     
          12          25   1.3395826160420288     
          14          25   1.4038163452122925     
          14          27   1.1554679182001644     
          16          27   1.3144717194342794     
          27          28   1.2692468902208607     
          16          29   1.2436591884177597     
          18          29   1.2659178865527481     
          29          30   1.2552801560332130     
          18          31   1.2283749982244954     
          20          31   1.2972822075427941     
          31          32   1.2969489266879437     
          22          33   1.3552551725194073     
          33          34   1.3343590993512700     
          22          35   1.1864847916957655     
          24          35   1.3529008912529732     
          35          36   1.2054072667703182     
          24          37   1.0334926385107970     
          37          38   1.0260169162618040     
          28          39   1.0780798732518833     
          39          40   1.0575768474930276     
          28          41   1.2762252831849759     
          30          41   1.2779238374121575     
          41          42   1.1978489472822302     
          30          43   1.1898701091636170     
          32          43   1.3802367806458435     
          43          44   1.2554735651776603     
          34          45   1.2877808567691609     
          26          46  0.96991436127567299     
          45          46   1.4588767441340635     
          34          47   1.1970369040283453     
          36          47   1.3523114122825062     
          47          48   1.1893499494730460     
          36          49   1.1775381487541536     
          38          49   1.4181161866220855     
          49          50   1.1595691613844104     
          38          51   1.2647423104689421     
          40          51   1.2923775825179407     
          51          52   1.1746556401164778     
          40          53   1.2911167651734243     
          42          53   1.2762784941473992     
          53          54   1.1693798176708423     
          42          55   1.2201824454958758     
          44          55   1.4364705761564354     
          55          56   1.1630911368668218     
          46          57   1.4282900061557235     
          48          57   1.3134950334184408     
          48          58   1.3158543620847891     
          50          58   1.3617538251733130     
          50          59   1.3014543094938045     
          52          59   1.3932066963792402     
          52          60   1.2512280921611434     
          54          60   1.4791004185655441     
          54          61   1.1682768294509611     
          56          61   1.6938612214881879     
          20          62  0.96937748490225484     
          32          63  0.96682455079341278     
          44          64  0.96672075128592450     
          56          65  0.96753376614609887     
           9          66  0.96712772778459266     
          21          67  0.96613869035606670     
          33          68  0.96628089867907963     
          45          69  0.96906695922494313     
           4          70  0.96675827201240627     
           5          71  0.96624013867653524     
           6          72  0.96629720248928974     
           7          73  0.96637169086677044     
           8          74  0.96936166028924409     
          57          75  0.96910049106945950     
          58          76  0.96629725003627609     
          59          77  0.96621631288762022     
          60          78  0.96559006373412459     
          61          79  0.96714509344946464     
          19          80  0.96996173920162676     
          25          81  0.94730809819933359     
          37          82  0.91671868054654604     
          39          83   1.6406179257585789     
          37          84  0.87258116206362168     
