           1           6   1.6931795415982736     
           6           7   1.1648340496076246     
           1           8   1.1672404052885190     
           2           8   1.4450622241149012     
           8           9   1.2011461480316497     
           2          10   1.2731374704454193     
           3          10   1.3586818193656087     
          10          11   1.1854992865830800     
           3          12   1.2906202270866729     
           4          12   1.3673859926208385     
          12          13   1.1662636539645321     
           4          14   1.3018684836653054     
           5          14   1.2986974981768027     
          14          15   1.2217397238259655     
           5          16   1.4457016594132015     
          16          17   1.4470485337666152     
           7          18   1.4497637560443712     
          18          19   1.2785204916046393     
           7          20   1.2031732836460542     
           9          20   1.2003070137976009     
          20          21   1.3285181998553655     
           9          22   1.3395757526027774     
          11          22   1.4038238366980849     
          11          24   1.1554674392524840     
          13          24   1.3144773328896007     
          24          25   1.2692412155038373     
          13          26   1.2436574412041033     
          15          26   1.2659183800975615     
          26          27   1.2552818328002846     
          15          28   1.2283748703159874     
          17          28   1.2972810280497367     
          28          29   1.2969499490316332     
          19          30   1.3552569399493126     
          30          31   1.3343552455554111     
          19          32   1.1864809400382217     
          21          32   1.3529069701717149     
          32          33   1.2054042362850690     
          21          34   1.0334828775203566     
          34          35   1.0260112712200515     
          25          36   1.0780851225417234     
          36          37   1.0575834797704884     
          25          38   1.2762244849523248     
          27          38   1.2779231819476398     
          38          39   1.1978507700655292     
          27          40   1.1898701624771257     
          29          40   1.3802403895739037     
          40          41   1.2554698547036436     
          31          42   1.2877855071761666     
          23          43  0.96991679892278937     
          42          43   1.4588708080758375     
          31          44   1.1970348404274367     
          33          44   1.3523125865336139     
          44          45   1.1893503766485916     
          33          46   1.1775379650284057     
          35          46   1.4181148422975620     
          46          47   1.1595710829814350     
          35          48   1.2647527991800755     
          37          48   1.2923691706736029     
          48          49   1.1746566792837152     
          37          50   1.2911121329684259     
          39          50   1.2762882236123256     
          50          51   1.1693765158729188     
          39          52   1.2201760746569239     
          41          52   1.4364804728779768     
          52          53   1.1630902305060227     
          43          54   1.4282949774112597     
          45          54   1.3134909081025550     
          45          55   1.3158571379528456     
          47          55   1.3617514335892509     
          47          56   1.3014543713391364     
          49          56   1.3932110281388423     
          49          57   1.2512230369600441     
          51          57   1.4791074109545854     
          51          58   1.1682752922409398     
          53          58   1.6938620888275793     
          17          59  0.96937858880384520     
          29          60  0.96682682149478782     
          41          61  0.96672343267556149     
          53          62  0.96753615258119852     
           6          63  0.96712420896520490     
          18          64  0.96613669329242369     
          30          65  0.96628077020162917     
          42          66  0.96906829133889127     
           1          67  0.96675347402755152     
           2          68  0.96623423452394697     
           3          69  0.96629146190834969     
           4          70  0.96636726093161662     
           5          71  0.96935974718111062     
          54          72  0.96910350198095829     
          55          73  0.96630056051296809     
          56          74  0.96621957300538353     
          57          75  0.96559311999608866     
          58          76  0.96714783787337832     
          16          77  0.96996175039136345     
          22          78  0.94730999940893490     
          34          79  0.91673321727220070     
          36          80   1.6406044121400185     
          34          81  0.87258781995568691     
