           1           6   1.6949627139001548     
           6           7   1.1652641788198772     
           1           8   1.1657987416497924     
           2           8   1.4850145348759960     
           8           9   1.1726908769258033     
           2          10   1.2398416569240194     
           3          10   1.4065346582569700     
          10          11   1.1801349073616509     
           3          12   1.2805874775160668     
           4          12   1.3602908599254480     
          12          13   1.1863122230612544     
           4          14   1.3148291061192436     
           5          14   1.2898473186816624     
          14          15   1.2191742514546264     
           5          16   1.4553122668838139     
          16          17   1.4380135223415866     
           7          18   1.4829626787736117     
          18          19   1.2401657785898659     
           7          20   1.1756795102594242     
           9          20   1.3376132517384287     
          20          21   1.2252326870282648     
           9          22   1.2299377966786769     
          11          22   1.3044532642303919     
          22          23   1.2200101862272517     
          11          24   1.2443960180574081     
          13          24   1.2923886731775938     
          24          25   1.2218163193813614     
          13          26   1.2473886787072781     
          15          26   1.2800281361833286     
          26          27   1.2385672804309917     
          15          28   1.2259480092241946     
          17          28   1.3039781417897494     
          28          29   1.2927723534575628     
          19          30   1.3960642962146981     
          30          31   1.2927607894898401     
          19          32   1.1900149622113476     
          21          32   1.2994121546239312     
          32          33   1.2385649424930023     
          21          34   1.2320079390185632     
          23          34   1.2887886441715568     
          34          35   1.2218151753548154     
          23          36   1.2380626101573218     
          25          36   1.2887911397507987     
          36          37   1.2200120470937881     
          25          38   1.2320034096171808     
          27          38   1.2994180198881535     
          38          39   1.2252381169026507     
          27          40   1.1899990654773169     
          29          40   1.3960632192112463     
          40          41   1.2401767405897108     
          31          42   1.3039669068035873     
          42          43   1.4380379081277246     
          31          44   1.2259698769811493     
          33          44   1.2800227866186078     
          44          45   1.2191587860373572     
          33          46   1.2473921626311544     
          35          46   1.2923937701770574     
          46          47   1.1863032370235931     
          35          48   1.2443948489708132     
          37          48   1.3044529203032489     
          48          49   1.1801360128958032     
          37          50   1.2299368923611458     
          39          50   1.3376261522732387     
          50          51   1.1726815951776464     
          39          52   1.1756531194290447     
          41          52   1.4829623445871654     
          52          53   1.1652888802374926     
          43          54   1.4552929029761725     
          45          54   1.2898536761607913     
          45          55   1.3148405210361729     
          47          55   1.3602779203444366     
          47          56   1.2806077147199779     
          49          56   1.4065205065902100     
          49          57   1.2398494376356444     
          51          57   1.4850042161701378     
          51          58   1.1658213273252838     
          53          58   1.6949334478287787     
          17          59  0.96959390049551519     
          29          60  0.96664553031636957     
          41          61  0.96616584290643448     
          53          62  0.96747114051144578     
           6          63  0.96747268378972384     
          18          64  0.96616794925624216     
          30          65  0.96664262048485450     
          42          66  0.96959086365490055     
           1          67  0.96744070658313730     
           2          68  0.96610813884430147     
           3          69  0.96651324531137295     
           4          70  0.96672420796825131     
           5          71  0.96952977814063201     
          54          72  0.96953010445652610     
          55          73  0.96672533739268685     
          56          74  0.96651274619123517     
          57          75  0.96610789437534728     
          58          76  0.96743792152579067     
          16          77  0.97009736080355879     
          43          78  0.97009473199273244     
