   -0.03516647
   -0.04352620
   -0.04432281
   -0.04461315
   -0.03703828
   -0.03516423
    0.01162783
    0.01170344
    0.00133454
    0.01132903
   -0.00015437
    0.01146860
   -0.00041624
    0.01276775
    0.00121914
   -0.02858237
   -0.03700017
   -0.04337625
    0.01106252
    0.00137452
    0.00010460
    0.00006174
   -0.00101380
    0.00049833
   -0.00143794
    0.00154909
   -0.00052859
    0.01258950
   -0.04408814
   -0.04408859
    0.01258952
   -0.00052881
    0.00154921
   -0.00143798
    0.00049833
   -0.00101387
    0.00006165
    0.00010481
    0.00137424
    0.01106258
   -0.04337560
   -0.03699965
   -0.02858275
    0.00121868
    0.01276795
   -0.00041614
    0.01146858
   -0.00015434
    0.01132911
    0.00133456
    0.01170376
    0.01162737
   -0.03516422
   -0.03703853
   -0.04461260
   -0.04432250
   -0.04352621
   -0.03516663
    0.03037036
    0.03128891
    0.03123239
    0.03064713
    0.03064754
    0.03123323
    0.03129008
    0.03036993
    0.03066261
    0.03118821
    0.03120216
    0.03126190
    0.03041909
    0.03041878
    0.03126126
    0.03120190
    0.03118827
    0.03066318
    0.02946429
    0.02946522
