           1           6   1.6949627139001551     
           6           7   1.1652641788198770     
           1           8   1.1657987416497932     
           2           8   1.4850145348759956     
           8           9   1.1726908769258046     
           2          10   1.2398416569240205     
           3          10   1.4065346582569698     
          10          11   1.1801349073616518     
           3          12   1.2805874775160659     
           4          12   1.3602908599254482     
          12          13   1.1863122230612555     
           4          14   1.3148291061192448     
           5          14   1.2898473186816641     
          14          15   1.2191742514546260     
           5          16   1.4553122668838134     
          16          17   1.4380135223415862     
           7          18   1.4829626787736117     
          18          19   1.2401657785898663     
           7          20   1.1756795102594220     
           9          20   1.3376132517384285     
          20          21   1.2252326870282655     
           9          22   1.2299377966786764     
          11          22   1.3044532642303921     
          22          23   1.2200101862272514     
          11          24   1.2443960180574067     
          13          24   1.2923886731775944     
          24          25   1.2218163193813618     
          13          26   1.2473886787072788     
          15          26   1.2800281361833297     
          26          27   1.2385672804309913     
          15          28   1.2259480092241928     
          17          28   1.3039781417897494     
          28          29   1.2927723534575626     
          19          30   1.3960642962146961     
          30          31   1.2927607894898423     
          19          32   1.1900149622113489     
          21          32   1.2994121546239288     
          32          33   1.2385649424930012     
          21          34   1.2320079390185632     
          23          34   1.2887886441715579     
          34          35   1.2218151753548145     
          23          36   1.2380626101573224     
          25          36   1.2887911397507987     
          36          37   1.2200120470937890     
          25          38   1.2320034096171824     
          27          38   1.2994180198881542     
          38          39   1.2252381169026489     
          27          40   1.1899990654773178     
          29          40   1.3960632192112461     
          40          41   1.2401767405897104     
          31          42   1.3039669068035862     
          42          43   1.4380379081277259     
          31          44   1.2259698769811453     
          33          44   1.2800227866186082     
          44          45   1.2191587860373563     
          33          46   1.2473921626311537     
          35          46   1.2923937701770563     
          46          47   1.1863032370235942     
          35          48   1.2443948489708125     
          37          48   1.3044529203032491     
          48          49   1.1801360128958027     
          37          50   1.2299368923611462     
          39          50   1.3376261522732391     
          50          51   1.1726815951776457     
          39          52   1.1756531194290454     
          41          52   1.4829623445871654     
          52          53   1.1652888802374948     
          43          54   1.4552929029761739     
          45          54   1.2898536761607904     
          45          55   1.3148405210361729     
          47          55   1.3602779203444346     
          47          56   1.2806077147199790     
          49          56   1.4065205065902096     
          49          57   1.2398494376356446     
          51          57   1.4850042161701391     
          51          58   1.1658213273252858     
          53          58   1.6949334478287805     
          17          59  0.96959390049551519     
          29          60  0.96664553031637113     
          41          61  0.96616584290643648     
          53          62  0.96747114051144611     
           6          63  0.96747268378972384     
          18          64  0.96616794925624394     
          30          65  0.96664262048485483     
          42          66  0.96959086365490099     
           1          67  0.96744070658313752     
           2          68  0.96610813884430169     
           3          69  0.96651324531137428     
           4          70  0.96672420796825242     
           5          71  0.96952977814063224     
          54          72  0.96953010445652732     
          55          73  0.96672533739268685     
          56          74  0.96651274619123428     
          57          75  0.96610789437534783     
          58          76  0.96743792152579244     
          16          77  0.97009736080355835     
          43          78  0.97009473199273599     
