   -0.03411211
   -0.04189940
   -0.03870483
   -0.03769359
   -0.03411357
   -0.03444972
    0.01412919
    0.01585818
    0.01297497
    0.01627167
    0.01512791
    0.01389259
   -0.00036468
    0.01363981
    0.00118051
   -0.02844949
   -0.03302892
   -0.04761995
    0.01166076
   -0.00564555
    0.01025851
   -0.04148907
    0.03219440
    0.01509297
   -0.03227462
    0.00302609
    0.00181667
    0.01324791
   -0.04488446
   -0.04082718
    0.01377410
    0.00164853
    0.00672402
   -0.08213372
    0.01367763
    0.21751650
   -0.03182929
    0.00224069
   -0.00864849
    0.01254366
   -0.04671685
   -0.03214371
   -0.02805883
   -0.00066914
    0.01405634
    0.00201427
    0.01216344
    0.00718798
    0.01267910
    0.00378986
    0.01332695
    0.01449146
   -0.03456680
   -0.03197278
   -0.03971857
   -0.04795543
   -0.04102922
   -0.03464759
    0.03354384
    0.03238669
    0.03105768
    0.03153202
    0.03173247
    0.03239523
    0.03380235
    0.03359857
    0.03199392
    0.03348026
    0.03537961
    0.03530238
    0.03304224
    0.03364874
    0.03374770
    0.03228014
    0.03315078
    0.03155419
    0.03205095
    0.04703301
    0.05325890
   -0.43499297
    0.12646219
