           1           6   1.6931789797220929     
           6           7   1.1648339590983550     
           1           8   1.1672400774718863     
           2           8   1.4450481854939552     
           8           9   1.2011360504444832     
           2          10   1.2731191415138792     
           3          10   1.3586124262676760     
          10          11   1.1854818366198085     
           3          12   1.2905877596622362     
           4          12   1.3673649355141793     
          12          13   1.1662592004137522     
           4          14   1.3018688520199804     
           5          14   1.2986976670708956     
          14          15   1.2217368465951646     
           5          16   1.4456993266301899     
          16          17   1.4470511786939211     
           7          18   1.4497551598482903     
          18          19   1.2785176768188822     
           7          20   1.2031705514707183     
           9          20   1.2002371533999396     
          20          21   1.3284990559920116     
           9          22   1.3395256839542966     
          11          22   1.4037562524370348     
          11          24   1.1553552786106871     
          13          24   1.3144390117080862     
          24          25   1.2689772665676260     
          13          26   1.2436419533215175     
          15          26   1.2658884625155196     
          26          27   1.2552750421828069     
          15          28   1.2283722604207652     
          17          28   1.2972754474675334     
          28          29   1.2969537795430075     
          19          30   1.3552188605329452     
          30          31   1.3343312872787265     
          19          32   1.1864709693007103     
          21          32   1.3528306713291036     
          32          33   1.2053762704771267     
          21          34   1.0334699435984953     
          34          35   1.0260011876591235     
          25          36   1.0763699127941719     
          36          37   1.0570732107758234     
          25          38   1.2760863385023919     
          27          38   1.2778965175865091     
          38          39   1.1977996798112049     
          27          40   1.1898711777973061     
          29          40   1.3802361517793853     
          40          41   1.2554661049719711     
          31          42   1.2877463343938405     
          23          43  0.96991692589414935     
          42          43   1.4588478958760991     
          31          44   1.1970355182131660     
          33          44   1.3523114004489289     
          44          45   1.1893511259416463     
          33          46   1.1775039548161956     
          35          46   1.4180671725300320     
          46          47   1.1595673446918617     
          35          48   1.2646255601406782     
          37          48   1.2921871702393022     
          48          49   1.1746516939562006     
          37          50   1.2910687286565612     
          39          50   1.2762264162790296     
          50          51   1.1693709372616332     
          39          52   1.2201360864435256     
          41          52   1.4364491233281038     
          52          53   1.1630876781572326     
          43          54   1.4282633648072502     
          45          54   1.3134695866742538     
          45          55   1.3158314969162517     
          47          55   1.3617381320532129     
          47          56   1.3014513855814220     
          49          56   1.3932102565326223     
          49          57   1.2512134692034005     
          51          57   1.4791046250456124     
          51          58   1.1682735045876773     
          53          58   1.6938630036568152     
          17          59  0.96937873082217585     
          29          60  0.96682669179232417     
          41          61  0.96672266759647119     
          53          62  0.96753633751446355     
           6          63  0.96712422502991180     
          18          64  0.96613660703572180     
          30          65  0.96628075077422448     
          42          66  0.96906838436014553     
           1          67  0.96675345581781413     
           2          68  0.96623387691747176     
           3          69  0.96627966917050490     
           4          70  0.96636407928478385     
           5          71  0.96936008354968040     
          54          72  0.96910372636061792     
          55          73  0.96630089881124981     
          56          74  0.96621953000470961     
          57          75  0.96559298979855024     
          58          76  0.96714786357560567     
          16          77  0.96996195164753285     
          22          78  0.94731044304646395     
          34          79  0.91673198817181656     
          36          80   1.6395647208392823     
          34          81  0.87258594820903324     
