   -0.03514971
   -0.04351481
   -0.04431254
   -0.04460077
   -0.03704583
   -0.03517416
    0.01161292
    0.01170860
    0.00134378
    0.01132977
   -0.00014480
    0.01147415
   -0.00040647
    0.01275545
    0.00122287
   -0.02854299
   -0.03700962
   -0.04338439
    0.01105480
    0.00137889
    0.00010276
    0.00005814
   -0.00101125
    0.00049805
   -0.00143769
    0.00154740
   -0.00052382
    0.01257607
   -0.04409766
   -0.04409576
    0.01257759
   -0.00052082
    0.00154618
   -0.00143884
    0.00049861
   -0.00101036
    0.00005873
    0.00010305
    0.00137545
    0.01105330
   -0.04337842
   -0.03700198
   -0.02853945
    0.00122215
    0.01275499
   -0.00040782
    0.01147290
   -0.00014467
    0.01132845
    0.00134289
    0.01171331
    0.01161251
   -0.03517013
   -0.03704471
   -0.04460058
   -0.04431312
   -0.04351747
   -0.03514643
    0.03040301
    0.03130530
    0.03123279
    0.03065556
    0.03066114
    0.03123657
    0.03129596
    0.03039626
    0.03065082
    0.03116989
    0.03118159
    0.03123215
    0.03042407
    0.03042133
    0.03123560
    0.03118156
    0.03117227
    0.03064557
    0.02943239
    0.02942941
