           1           6   1.6949627139001546     
           6           7   1.1652641788198772     
           1           8   1.1657987416497926     
           2           8   1.4850145348759951     
           8           9   1.1726908769258046     
           2          10   1.2398416569240207     
           3          10   1.4065346582569693     
          10          11   1.1801349073616534     
           3          12   1.2805874775160682     
           4          12   1.3602908599254466     
          12          13   1.1863122230612568     
           4          14   1.3148291061192439     
           5          14   1.2898473186816624     
          14          15   1.2191742514546253     
           5          16   1.4553122668838130     
          16          17   1.4380135223415860     
           7          18   1.4829626787736112     
          18          19   1.2401657785898665     
           7          20   1.1756795102594233     
           9          20   1.3376132517384283     
          20          21   1.2252326870282657     
           9          22   1.2299377966786760     
          11          22   1.3044532642303930     
          22          23   1.2200101862272548     
          11          24   1.2443960180574076     
          13          24   1.2923886731775949     
          24          25   1.2218163193813620     
          13          26   1.2473886787072783     
          15          26   1.2800281361833283     
          26          27   1.2385672804309920     
          15          28   1.2259480092241914     
          17          28   1.3039781417897507     
          28          29   1.2927723534575644     
          19          30   1.3960642962146981     
          30          31   1.2927607894898427     
          19          32   1.1900149622113498     
          21          32   1.2994121546239297     
          32          33   1.2385649424930030     
          21          34   1.2320079390185625     
          23          34   1.2887886441715568     
          34          35   1.2218151753548170     
          23          36   1.2380626101573236     
          25          36   1.2887911397507987     
          36          37   1.2200120470937892     
          25          38   1.2320034096171808     
          27          38   1.2994180198881540     
          38          39   1.2252381169026503     
          27          40   1.1899990654773183     
          29          40   1.3960632192112457     
          40          41   1.2401767405897124     
          31          42   1.3039669068035875     
          42          43   1.4380379081277277     
          31          44   1.2259698769811493     
          33          44   1.2800227866186102     
          44          45   1.2191587860373576     
          33          46   1.2473921626311533     
          35          46   1.2923937701770571     
          46          47   1.1863032370235931     
          35          48   1.2443948489708136     
          37          48   1.3044529203032484     
          48          49   1.1801360128958047     
          37          50   1.2299368923611460     
          39          50   1.3376261522732362     
          50          51   1.1726815951776466     
          39          52   1.1756531194290449     
          41          52   1.4829623445871627     
          52          53   1.1652888802374928     
          43          54   1.4552929029761725     
          45          54   1.2898536761607926     
          45          55   1.3148405210361740     
          47          55   1.3602779203444355     
          47          56   1.2806077147199786     
          49          56   1.4065205065902111     
          49          57   1.2398494376356466     
          51          57   1.4850042161701362     
          51          58   1.1658213273252851     
          53          58   1.6949334478287799     
          17          59  0.96959390049551542     
          29          60  0.96664553031637135     
          41          61  0.96616584290643570     
          53          62  0.96747114051144611     
           6          63  0.96747268378972373     
          18          64  0.96616794925624405     
          30          65  0.96664262048485505     
          42          66  0.96959086365490010     
           1          67  0.96744070658313686     
           2          68  0.96610813884430102     
           3          69  0.96651324531137395     
           4          70  0.96672420796825220     
           5          71  0.96952977814063279     
          54          72  0.96953010445652843     
          55          73  0.96672533739268873     
          56          74  0.96651274619123517     
          57          75  0.96610789437534594     
          58          76  0.96743792152579156     
          16          77  0.97009736080355813     
          43          78  0.97009473199273699     
