    0.46436560
   -0.23239936
   -0.23196623
   -0.03522322
   -0.04357555
   -0.04436534
   -0.04464244
   -0.03704833
   -0.03519696
    0.01161341
    0.01165861
    0.00131362
    0.01128996
   -0.00017059
    0.01144382
   -0.00042287
    0.01277895
    0.00121549
   -0.02860201
   -0.03700881
   -0.04337325
    0.01107200
    0.00136801
    0.00011024
    0.00005930
   -0.00100590
    0.00050213
   -0.00142808
    0.00155315
   -0.00052192
    0.01260949
   -0.04408040
   -0.04406529
    0.01261615
   -0.00051973
    0.00156534
   -0.00142244
    0.00051919
   -0.00099861
    0.00008037
    0.00011781
    0.00139122
    0.01108325
   -0.04336758
   -0.03698753
   -0.02858623
    0.00123301
    0.01280624
   -0.00039234
    0.01148673
   -0.00013003
    0.01134857
    0.00135797
    0.01172364
    0.01165628
   -0.03516231
   -0.03699815
   -0.04458110
   -0.04429347
   -0.04350157
   -0.03516149
    0.03037819
    0.03132003
    0.03126645
    0.03067355
    0.03059770
    0.03121813
    0.03129397
    0.03037243
    0.03056478
    0.03106655
    0.03109346
    0.03118460
    0.03039236
    0.03047007
    0.03129511
    0.03123306
    0.03121791
    0.03069079
    0.02945042
    0.02948004
