$coord
   -3.77886643488843      1.66545153875323     -0.14829361204230       c     
   -5.50813591460882      0.41048630887111      0.17446934243526       o     
   -2.04927570172680      2.91930560967385     -0.47220854356565       o     
    2.30726111231092      1.37046907009398     18.89724235267465       c     
    0.02743579977311      5.41990460183287     18.89726124993590       c     
   -2.25353619857736      9.45870286521416     18.89726124993590       c     
   -4.52882314485339     13.49844599165796     18.89726124993590       c     
   -6.80397781030067     17.55034005708547     18.89724235267465       c     
    4.50374647917472      0.08072305293613     18.89726124993590       c     
    6.89727358909160      1.35242974450479     18.89726124993590       c     
    2.25143860257861      4.07988090933866     18.89726124993590       c     
    4.61775365629559      5.39603736087420     18.89724235267465       c     
   -0.01565116530147      8.09747644559753     18.89726124993590       c     
    2.34189979218206      9.42283586336178     18.89724235267465       c     
   -2.28396078918975     12.12087344106013     18.89726124993590       c     
    0.06972352408038     13.44850053017438     18.89724235267465       c     
   -4.54344962506084     16.14818216960147     18.89726124993590       c     
   -2.20285374390503     17.47454314221197     18.89726124993590       c     
   -6.75919130113832     20.15846446575662     18.89720455815215       c     
   -4.49365534166726     21.46161960155220     18.89726124993590       c     
    9.15158457538021      0.06302765750169     18.89726124993590       c     
   11.51018954650721      1.33069222488899     18.89726124993590       c     
    6.89521378761536      4.05867818221623     18.89724235267465       c     
    9.23473252487992      5.37307718845552     18.89724235267465       c     
    4.62688103347930      8.07708630070885     18.89724235267465       c     
    6.96377305143013      9.39785368398937     18.89724235267465       c     
    2.35677193678576     12.09789437138021     18.89724235267465       c     
    4.69256791358408     13.41949323415573     18.89724235267465       c     
    0.09058855714427     16.12301101761656     18.89726124993590       c     
    2.42242102236803     17.44067925005209     18.89726124993590       c     
   -2.17851407141511     20.16186597278161     18.89726124993590       c     
    0.15474381422474     21.43440754535229     18.89726124993590       c     
   13.79142913007697      0.03716051938494     18.89726124993590       c     
   16.12469287386780      1.30971815462768     18.89726124993590       c     
   11.52375778008466      4.03086141365633     18.89724235267465       c     
   13.85558533202050      5.34852964609186     18.89726124993590       c     
    9.25361088886861      8.05204742955268     18.89724235267465       c     
   11.58940686566694      9.37364629232820     18.89724235267465       c     
    6.98240575102256     12.07370587698029     18.89724235267465       c     
    9.31929776897339     13.39445436299956     18.89724235267465       c     
    4.71144627757277     16.09846347525289     18.89724235267465       c     
    7.05096501483733     17.41286248149218     18.89726124993590       c     
    2.43598925594549     20.14089001279418     18.89726124993590       c     
    4.79459422707249     21.40851829743988     18.89726124993590       c     
   18.43983414411995      0.01000148890010     18.89726124993590       c     
   20.70535120632976      1.31307997740405     18.89724235267465       c     
   16.14903254635772      3.99699752149644     18.89726124993590       c     
   18.48962842751353      5.32337739136819     18.89726124993590       c     
   13.87644790844043      8.02304013353404     18.89726124993590       c     
   16.23013959164244      9.35068611990953     18.89726124993590       c     
   11.60427901027064     12.04870480034663     18.89724235267465       c     
   13.96182573476764     13.37408311537213     18.89726124993590       c     
    9.32842514615711     16.07550330283422     18.89724235267465       c     
   11.69474019987408     17.39165975436975     18.89726124993590       c     
    7.04890521336109     20.11915816235675     18.89726124993590       c     
    9.44243232327797     21.39075487186494     18.89726124993590       c     
   20.75013771549211      3.92120060662295     18.89726124993590       c     
   18.47500194730608      7.97309467205045     18.89726124993590       c     
   16.19971500103005     12.01283779849425     18.89726124993590       c     
   13.91873997911778     16.05165495913680     18.89726124993590       c     
   11.63891769014177     20.10101679155682     18.89724235267465       c     
   -4.47976585464855     23.50290176177027     18.89724235267465       h     
    0.16137240655338     23.47739045908286     18.89726124993590       h     
    4.79740991899873     23.45206812900794     18.89726124993590       h     
    9.42927982944802     23.43354881298301     18.89726124993590       h     
    4.51689897300468     -1.96204594379709     18.89726124993590       h     
    9.14876888345396     -1.98050856803828     18.89726124993590       h     
   13.78481508863949     -2.00592538441945     18.89726124993590       h     
   18.42594465710125     -2.03132330353936     18.89726124993590       h     
    0.51703095752437      0.38603703226594     18.89726124993590       h     
   -1.75622453316729      4.42201582426875     18.89726124993590       h     
   -4.03600146871631      8.45954797114630     18.89726124993590       h     
   -6.31211989448734     12.50099185110259     18.89726124993590       h     
   -8.58372187481963     16.55035368352261     18.89726124993590       h     
   22.52988178001107      4.92120587744706     18.89726124993590       h     
   20.25824200515628      8.97056770986707     18.89726124993590       h     
   17.98218027116900     13.01199269256211     18.89726124993590       h     
   15.70239577671549     17.04952483943967     18.89726124993590       h     
   13.42914973465444     21.08556410267847     18.89726124993590       h     
   -8.51846963172360     21.19630205360310     18.89726124993590       h     
   22.46468622869880      0.27526128681882     18.89726124993590       h     
$end
$write
   json=true
   output file=properties.out
