           1           2   1.9675034826650974     
           1           3   1.9684275073239714     
           2           3  0.40203241696339964     
           4           9   1.6949559286658928     
           9          10   1.1652657624139282     
           4          11   1.1658021858136807     
           5          11   1.4850075474292987     
          11          12   1.1726915964209492     
           5          13   1.2398459389675178     
           6          13   1.4065281280656816     
          13          14   1.1801355198348897     
           6          15   1.2805905729290286     
           7          15   1.3602858355248730     
          15          16   1.1863129036790303     
           7          17   1.3148317096038422     
           8          17   1.2898445811959940     
          17          18   1.2191738399358838     
           8          19   1.4553147641845210     
          19          20   1.4380104553894120     
          10          21   1.4829596130708171     
          21          22   1.2401673644878799     
          10          23   1.1756807280756993     
          12          23   1.3376118636205867     
          23          24   1.2252329877124783     
          12          25   1.2299386813857556     
          14          25   1.3044532852070263     
          25          26   1.2200098121113743     
          14          27   1.2443959143362984     
          16          27   1.2923894534754161     
          27          28   1.2218154624846713     
          16          29   1.2473887390945482     
          18          29   1.2800291287754959     
          29          30   1.2385659566550977     
          18          31   1.2259487684949750     
          20          31   1.3039797022125221     
          31          32   1.2927707460976536     
          22          33   1.3960628388516594     
          33          34   1.2927648276410515     
          22          35   1.1900146538538783     
          24          35   1.2994127201454024     
          35          36   1.2385658105443311     
          24          37   1.2320077662427762     
          26          37   1.2887897021801114     
          37          38   1.2218152690410591     
          26          39   1.2380628252105903     
          28          39   1.2887920023939918     
          39          40   1.2200119857756653     
          28          41   1.2320044273989101     
          30          41   1.2994186359460258     
          41          42   1.2252372543120771     
          30          43   1.1899994692784663     
          32          43   1.3960663171700400     
          43          44   1.2401741453543740     
          34          45   1.3039648057045610     
          45          46   1.4380422286824122     
          34          47   1.2259688651713616     
          36          47   1.2800239433115896     
          47          48   1.2191590664256582     
          36          49   1.2473911600262733     
          38          49   1.2923950252452632     
          49          50   1.1863035308721830     
          38          51   1.2443942947108246     
          40          51   1.3044536106084361     
          51          52   1.1801362763350158     
          40          53   1.2299372012210237     
          42          53   1.3376269022807918     
          53          54   1.1726810530493268     
          42          55   1.1756530671997749     
          44          55   1.4829655534730901     
          55          56   1.1652873991276436     
          46          57   1.4552890256747755     
          48          57   1.2898586707676862     
          48          58   1.3148366720727804     
          50          58   1.3602824797850301     
          50          59   1.2806047643692471     
          52          59   1.4065231899721482     
          52          60   1.2398487030837251     
          54          60   1.4850067618174800     
          54          61   1.1658211906891962     
          56          61   1.6949366588355708     
          20          62  0.96959263156824171     
          32          63  0.96664370861609206     
          44          64  0.96616435546753487     
          56          65  0.96746919389120734     
           9          66  0.96747539165374119     
          21          67  0.96616906870660701     
          33          68  0.96664157077063850     
          45          69  0.96958925469077073     
           4          70  0.96744578671624981     
           5          71  0.96611424736396745     
           6          72  0.96651922736325291     
           7          73  0.96672825515381400     
           8          74  0.96953175878884712     
          57          75  0.96952684961943847     
          58          76  0.96672231294345412     
          59          77  0.96651018489068574     
          60          78  0.96610508464230749     
          61          79  0.96743527012155661     
          19          80  0.97009744705879830     
          46          81  0.97009217619150345     
