   -0.56474960
    0.28231367
    0.28243594
   -0.03519848
   -0.04375126
   -0.04466254
   -0.04495513
   -0.03730066
   -0.03506457
    0.01170483
    0.01171941
    0.00131013
    0.01120632
   -0.00026034
    0.01131593
   -0.00053041
    0.01262079
    0.00111870
   -0.02864044
   -0.03719093
   -0.04320344
    0.01116749
    0.00147282
    0.00014481
    0.00003803
   -0.00103016
    0.00042307
   -0.00149851
    0.00146491
   -0.00060969
    0.01250823
   -0.04421445
   -0.04386377
    0.01267912
   -0.00042016
    0.00160908
   -0.00140767
    0.00052366
   -0.00101965
    0.00004794
    0.00007306
    0.00134146
    0.01101425
   -0.04342796
   -0.03677232
   -0.02845757
    0.00129383
    0.01282488
   -0.00033904
    0.01152251
   -0.00009743
    0.01135617
    0.00135738
    0.01171922
    0.01160297
   -0.03518022
   -0.03686023
   -0.04444405
   -0.04422898
   -0.04348681
   -0.03514081
    0.03026305
    0.03122489
    0.03120629
    0.03066979
    0.03099995
    0.03160825
    0.03166339
    0.03073393
    0.03072963
    0.03098192
    0.03082404
    0.03084598
    0.03009969
    0.03063333
    0.03141258
    0.03130972
    0.03125672
    0.03069835
    0.02922453
    0.02969063
