           1           2  0.92024131385516117     
           1           3  0.92017227728210604     
           4           9   1.6949717596820615     
           9          10   1.1652627599268377     
           4          11   1.1658001676502077     
           5          11   1.4850054330219593     
          11          12   1.1726920240661780     
           5          13   1.2398461813404995     
           6          13   1.4065259153246856     
          13          14   1.1801340946922692     
           6          15   1.2805820721038419     
           7          15   1.3602876440798961     
          15          16   1.1863139911578713     
           7          17   1.3148143855374659     
           8          17   1.2898490738502606     
          17          18   1.2191795226913720     
           8          19   1.4553081945825648     
          19          20   1.4380102419060465     
          10          21   1.4829751911719973     
          21          22   1.2401651026144904     
          10          23   1.1756810159854485     
          12          23   1.3376072834011676     
          23          24   1.2252356236547080     
          12          25   1.2299452659083490     
          14          25   1.3044519408835602     
          25          26   1.2200054001290346     
          14          27   1.2443993973930352     
          16          27   1.2923897015886308     
          27          28   1.2218100243750083     
          16          29   1.2473902904415533     
          18          29   1.2800277033395564     
          29          30   1.2385615586579897     
          18          31   1.2259526431159082     
          20          31   1.3039757820284161     
          31          32   1.2927662599352041     
          22          33   1.3960762249898775     
          33          34   1.2927667553787796     
          22          35   1.1900143909132717     
          24          35   1.2994072495235811     
          35          36   1.2385671283826298     
          24          37   1.2320155263678019     
          26          37   1.2887862107734911     
          37          38   1.2218122486493697     
          26          39   1.2380712478837610     
          28          39   1.2887899408164656     
          39          40   1.2200067625721123     
          28          41   1.2320094038114024     
          30          41   1.2994199746748731     
          41          42   1.2252307798816549     
          30          43   1.1900021333512667     
          32          43   1.3960628303636395     
          43          44   1.2401723056311196     
          34          45   1.3039737340027882     
          45          46   1.4380378072103064     
          34          47   1.2259669879544128     
          36          47   1.2800221674222394     
          47          48   1.2191539942861653     
          36          49   1.2473987717462782     
          38          49   1.2923906232092444     
          49          50   1.1862995610821014     
          38          51   1.2444043748509357     
          40          51   1.3044511764514748     
          51          52   1.1801310578745603     
          40          53   1.2299435166458852     
          42          53   1.3376280741940760     
          53          54   1.1726757211551435     
          42          55   1.1756565625899291     
          44          55   1.4829628554977117     
          55          56   1.1652852096490540     
          46          57   1.4553012939304832     
          48          57   1.2898534898278622     
          48          58   1.3148519776359491     
          50          58   1.3602825778854712     
          50          59   1.2806111529625162     
          52          59   1.4065271585417891     
          52          60   1.2398508854278054     
          54          60   1.4850102185139418     
          54          61   1.1658228061271634     
          56          61   1.6949366514599751     
          20          62  0.96960393421176450     
          32          63  0.96665125547897512     
          44          64  0.96616783288488550     
          56          65  0.96747016927849261     
           9          66  0.96745198253311915     
          21          67  0.96614470562365085     
          33          68  0.96661789382817276     
          45          69  0.96956793571969335     
           4          70  0.96743496185631450     
           5          71  0.96611977340741673     
           6          72  0.96653690538124348     
           7          73  0.96675063993052057     
           8          74  0.96955114287885225     
          57          75  0.96951483042309250     
          58          76  0.96671238833714845     
          59          77  0.96650411439500339     
          60          78  0.96610224375927101     
          61          79  0.96743423717660237     
          19          80  0.97011225601031092     
          46          81  0.97007600861220811     
