   -0.03411250
   -0.04189846
   -0.03870401
   -0.03769388
   -0.03411383
   -0.03444853
    0.01412886
    0.01585725
    0.01297549
    0.01627147
    0.01512836
    0.01389236
   -0.00036519
    0.01363986
    0.00118009
   -0.02845037
   -0.03302879
   -0.04761860
    0.01166097
   -0.00564543
    0.01025996
   -0.04148755
    0.03219555
    0.01509280
   -0.03227355
    0.00302570
    0.00181673
    0.01324715
   -0.04488551
   -0.04082901
    0.01377416
    0.00164924
    0.00672744
   -0.08213226
    0.01367953
    0.21751689
   -0.03182752
    0.00224055
   -0.00864661
    0.01254358
   -0.04671700
   -0.03214795
   -0.02805913
   -0.00066846
    0.01405718
    0.00201465
    0.01216378
    0.00718790
    0.01267919
    0.00378907
    0.01332687
    0.01449078
   -0.03456652
   -0.03197656
   -0.03971976
   -0.04795697
   -0.04103204
   -0.03465021
    0.03354341
    0.03238766
    0.03105943
    0.03153190
    0.03173192
    0.03239483
    0.03380251
    0.03359908
    0.03199321
    0.03347970
    0.03538058
    0.03530300
    0.03304364
    0.03364933
    0.03374714
    0.03228014
    0.03315218
    0.03155581
    0.03205249
    0.04703111
    0.05325919
   -0.43499669
    0.12646120
