           1           6   1.6931795415982740     
           6           7   1.1648340496076277     
           1           8   1.1672404052885204     
           2           8   1.4450622241148989     
           8           9   1.2011461480316514     
           2          10   1.2731374704454248     
           3          10   1.3586818193656058     
          10          11   1.1854992865830811     
           3          12   1.2906202270866842     
           4          12   1.3673859926208334     
          12          13   1.1662636539645310     
           4          14   1.3018684836653138     
           5          14   1.2986974981768007     
          14          15   1.2217397238259611     
           5          16   1.4457016594132046     
          16          17   1.4470485337666139     
           7          18   1.4497637560443648     
          18          19   1.2785204916046462     
           7          20   1.2031732836460587     
           9          20   1.2003070137975904     
          20          21   1.3285181998553783     
           9          22   1.3395757526027974     
          11          22   1.4038238366980693     
          11          24   1.1554674392524968     
          13          24   1.3144773328896118     
          24          25   1.2692412155038129     
          13          26   1.2436574412040984     
          15          26   1.2659183800975717     
          26          27   1.2552818328002830     
          15          28   1.2283748703159898     
          17          28   1.2972810280497327     
          28          29   1.2969499490316361     
          19          30   1.3552569399493037     
          30          31   1.3343552455554208     
          19          32   1.1864809400382272     
          21          32   1.3529069701717118     
          32          33   1.2054042362850683     
          21          34   1.0334828775203571     
          34          35   1.0260112712200531     
          25          36   1.0780851225417589     
          36          37   1.0575834797705181     
          25          38   1.2762244849523179     
          27          38   1.2779231819476362     
          38          39   1.1978507700655405     
          27          40   1.1898701624771322     
          29          40   1.3802403895739059     
          40          41   1.2554698547036374     
          31          42   1.2877855071761608     
          23          43  0.96991679892279092     
          42          43   1.4588708080758392     
          31          44   1.1970348404274391     
          33          44   1.3523125865336136     
          44          45   1.1893503766485922     
          33          46   1.1775379650284079     
          35          46   1.4181148422975565     
          46          47   1.1595710829814396     
          35          48   1.2647527991800915     
          37          48   1.2923691706735825     
          48          49   1.1746566792837230     
          37          50   1.2911121329684199     
          39          50   1.2762882236123372     
          50          51   1.1693765158729199     
          39          52   1.2201760746569148     
          41          52   1.4364804728779883     
          52          53   1.1630902305060231     
          43          54   1.4282949774112565     
          45          54   1.3134909081025505     
          45          55   1.3158571379528521     
          47          55   1.3617514335892427     
          47          56   1.3014543713391431     
          49          56   1.3932110281388363     
          49          57   1.2512230369600419     
          51          57   1.4791074109545859     
          51          58   1.1682752922409401     
          53          58   1.6938620888275828     
          17          59  0.96937858880384642     
          29          60  0.96682682149478938     
          41          61  0.96672343267556338     
          53          62  0.96753615258119752     
           6          63  0.96712420896520634     
          18          64  0.96613669329242502     
          30          65  0.96628077020163139     
          42          66  0.96906829133889094     
           1          67  0.96675347402755352     
           2          68  0.96623423452394752     
           3          69  0.96629146190835002     
           4          70  0.96636726093161751     
           5          71  0.96935974718111217     
          54          72  0.96910350198095851     
          55          73  0.96630056051296964     
          56          74  0.96621957300538563     
          57          75  0.96559311999608943     
          58          76  0.96714783787337810     
          16          77  0.96996175039136290     
          22          78  0.94730999940893479     
          34          79  0.91673321727220469     
          36          80   1.6406044121399439     
          34          81  0.87258781995568591     
