   -0.42838793
    0.14285900
    0.14273032
    0.14279862
   -0.03423990
   -0.04198501
   -0.03874106
   -0.03759586
   -0.03395305
   -0.03462343
    0.01397280
    0.01571863
    0.01285965
    0.01625042
    0.01516439
    0.01394119
   -0.00028051
    0.01371773
    0.00125155
   -0.02837559
   -0.03286680
   -0.04777830
    0.01157682
   -0.00576990
    0.01022512
   -0.04153059
    0.03212917
    0.01512262
   -0.03224061
    0.00309016
    0.00189373
    0.01332546
   -0.04471482
   -0.04098753
    0.01373208
    0.00160737
    0.00670736
   -0.08216226
    0.01368673
    0.21752602
   -0.03178758
    0.00228699
   -0.00855209
    0.01261156
   -0.04660571
   -0.03226090
   -0.02808357
   -0.00067574
    0.01404361
    0.00199498
    0.01216461
    0.00719670
    0.01269865
    0.00382201
    0.01336690
    0.01454729
   -0.03453354
   -0.03203868
   -0.03975218
   -0.04795346
   -0.04101822
   -0.03462720
    0.03374496
    0.03257992
    0.03121857
    0.03163927
    0.03140368
    0.03212753
    0.03359512
    0.03345012
    0.03172843
    0.03332733
    0.03536418
    0.03542057
    0.03323338
    0.03362230
    0.03374964
    0.03231501
    0.03320964
    0.03163471
    0.03225771
    0.04710143
    0.05331010
   -0.43500787
    0.12647605
