$coord
   -2.60937162791365      1.68714748439428     -0.01163192570348       n     
   -4.01041457698390      0.43855252127951     -0.38512996372594       h     
   -2.35261453931077      1.72137042451791      1.88423836032661       h     
   -1.00348803607247      1.01126236935069     -0.80267817912615       h     
    2.40754264517974      1.39673236998268     18.96324785415323       c     
    0.09541865117381      5.40574287851497     19.39485328635410       c     
   -2.25344106962371      9.47307447456425     19.69509459557743       c     
   -4.51223575918511     13.51825306139363     19.39706776609965       c     
   -6.78797993782667     17.55821511953896     19.06469778168612       c     
    4.57433780359709      0.12109898833682     18.55292755042511       c     
    6.94403603908933      1.40363546312671     18.24600998021457       c     
    2.32209842741533      4.10588364882165     18.92553863112369       c     
    4.57618184584368      5.44390596908747     18.23921321445857       c     
   -0.03454328294162      8.07378412040893     19.41858001333836       c     
    2.23826065461668      9.40158739608972     18.84506580879873       c     
   -2.27951733692465     12.12024735874453     19.37241353859607       c     
    0.06676477054160     13.45358945102996     19.08221696999057       c     
   -4.52911952253870     16.15931056207001     19.10453297835675       c     
   -2.19816918873804     17.47716560987434     18.85500012490470       c     
   -6.74607721438043     20.15446311246796     18.77901718988667       c     
   -4.48798552553046     21.44377574816899     18.53441144255387       c     
    9.19895781967170      0.08203670082994     18.24207177017223       c     
   11.57083496956609      1.29785545428314     18.30315589836881       c     
    6.94739736668771      4.10408624408184     18.09468845402383       c     
    9.32384108433507      5.30537548858159     18.14974715916511       c     
    4.29178464017533      8.06149789204364     17.93516159879066       c     
   22.49694269874524      0.21973835036142     19.03494090890499       h     
    2.34771010235377     12.10955337339707     19.05846186464636       c     
    4.65115782055676     13.46015945128396     19.27266204207553       c     
    0.09639525976351     16.12336236228991     18.89177145190761       c     
    2.42118906513696     17.43099135617298     18.69702143848604       c     
   -2.16716036963624     20.14856022560081     18.57188867520831       c     
    0.16299852344758     21.40992275851692     18.36007140670321       c     
   13.86408787666946      0.00217739842105     18.39531413549948       c     
   16.17100417777040      1.28020621021329     18.60851716301058       c     
   11.59785895712911      3.99630376224508     18.36408806280297       c     
   13.92969671446058      5.32820948456563     18.68397599458500       c     
    9.40556214015155      8.08433544368463     18.28926378907521       c     
   11.76707080204425      9.37723007148493     19.00916729031249       c     
    6.93344054235482     12.34200374921218     20.33711326679542       c     
    9.36497935773492     13.41114308555364     19.50977845539608       c     
    4.71090105611952     16.09579389403534     18.92503867435644       c     
    7.07212170717022     17.39714636117525     18.91732208611050       c     
    2.45144073066071     20.11823070865616     18.44270528671424       c     
    4.81875945337668     21.35799457970655     18.34644476805537       c     
   18.48911174736878     -0.02369354326097     18.70177321108285       c     
   20.74166476761855      1.26121894767901     18.97183163802365       c     
   16.19377375027558      3.97680469508138     18.79266117840431       c     
   18.54278358276596      5.28611015616133     19.10485194071080       c     
   13.99046683850646      8.02190613766926     18.99944382709262       c     
   16.34202405977594      9.34049585384496     19.28193558737681       c     
   11.65749616391768     12.02701119562322     19.36848331393722       c     
   14.02077203285145     13.36215799503416     19.33929463952645       c     
    9.36523753027941     16.04645961405077     19.11702219358383       c     
   11.73442702151012     17.35792978291414     18.98116767138522       c     
    7.07666627955895     20.06335784097160     18.57996879859341       c     
    9.47443937458676     21.32900328731180     18.49683406149457       c     
   20.78404969077915      3.86917252390894     19.17538893825077       c     
   18.56584525861223      7.93050683471834     19.31676677666509       c     
   16.27235257206463     11.99908717419148     19.36478948839398       c     
   13.96333501969883     16.03536078987617     19.20909802352106       c     
   11.67132345360928     20.05088213381202     18.68581935728745       c     
   -4.48359826590090     23.47370856314226     18.31690901616068       h     
    0.16647370369958     23.44390347869196     18.16921142730533       h     
    4.84481559228159     23.38769497094853     18.11421126730826       h     
    9.46785443636019     23.35915302949196     18.26999228403269       h     
    4.59737901611964     -1.92149900473375     18.56707706696851       h     
    9.15472034887924     -1.96026784234283     18.30177988502178       h     
   13.86682307731370     -2.03977461390917     18.32436731142390       h     
   18.47793794473793     -2.06062195492961     18.56368052409302       h     
    0.66491058552532      0.39529437751705     19.32875737651548       h     
   -1.61487276160690      4.34326566206914     19.74755335425138       h     
   -4.01820470343347      8.51027615065512     20.05818366268814       h     
   -6.29411425006874     12.54853699036849     19.64240896632074       h     
   -8.56619277682087     16.57404452399884     19.25651348008192       h     
   22.56241267932436      4.84715501201183     19.39871141770582       h     
   20.36097061782687      8.88642209964847     19.51370921389049       h     
   18.04310043366679     13.01887600572495     19.38933603744045       h     
   15.73794702978539     17.04941779449416     19.22386751389681       h     
   13.45884546615648     21.03765054853432     18.61479496100047       h     
   -8.50493610869305     21.19157328331164     18.74955832325635       h     
    5.59598865799373      9.18455710010509     16.87744088787261       h     
    8.86928028358384      8.91318646117902     16.47176774427312       h     
    6.79858797256517     10.72923091095584     22.01384668305035       o     
    7.99101514725280      8.52028007755057     19.71564126934150       h     
$end
$write
   json=true
   output file=properties.out
