           1           2  0.97891225731935738     
           1           3  0.97894490439776716     
           1           4  0.97892784827340307     
           5          10   1.6931620474717741     
          10          11   1.1648349249912240     
           5          12   1.1672504128757057     
           6          12   1.4450433978156405     
          12          13   1.2011480755575552     
           6          14   1.2731458959188908     
           7          14   1.3585620459583088     
          14          15   1.1855176819196074     
           7          16   1.2906316098702013     
           8          16   1.3673196660334761     
          16          17   1.1662669897522917     
           8          18   1.3019123949001021     
           9          18   1.2986645718423335     
          18          19   1.2217314455626980     
           9          20   1.4457349020170864     
          20          21   1.4470217663662188     
          11          22   1.4497370541946448     
          22          23   1.2785274572058238     
          11          24   1.2031900971019158     
          13          24   1.2002096580551529     
          24          25   1.3285073466833430     
          13          26   1.3395761631126133     
          15          26   1.4037108194070869     
          15          28   1.1553620738243797     
          17          28   1.3144238573320821     
          28          29   1.2689886676161710     
          17          30   1.2436486236560096     
          19          30   1.2658922669246910     
          30          31   1.2552669759642403     
          19          32   1.2283699733387274     
          21          32   1.2972958997557240     
          32          33   1.2969429533950216     
          23          34   1.3551842877253482     
          34          35   1.3343673287823219     
          23          36   1.1864959397299530     
          25          36   1.3528109481633013     
          36          37   1.2053775714560027     
          25          38   1.0334920661063709     
          38          39   1.0259987626127192     
          29          40   1.0763815129360905     
          40          41   1.0570554166713955     
          29          42   1.2760836052536584     
          31          42   1.2779076468702351     
          42          43   1.1977897700801305     
          31          44   1.1898669074589225     
          33          44   1.3802354259166545     
          44          45   1.2554751206657222     
          35          46   1.2877001731834605     
          27          47  0.96992257398591109     
          46          47   1.4588827359713277     
          35          48   1.1970466681633998     
          37          48   1.3523166982186838     
          48          49   1.1893427452126404     
          37          50   1.1774921630894410     
          39          50   1.4180865946025150     
          50          51   1.1595656193348998     
          39          52   1.2645957505166987     
          41          52   1.2922176429838619     
          52          53   1.1746514298199553     
          41          54   1.2910682661294590     
          43          54   1.2762030253159744     
          54          55   1.1693865371570009     
          43          56   1.2201478085156403     
          45          56   1.4364217522005285     
          56          57   1.1630938760555667     
          47          58   1.4282272093612627     
          49          58   1.3134837196252689     
          49          59   1.3158229920977111     
          51          59   1.3617267518088769     
          51          60   1.3014624406061710     
          53          60   1.3931888282147655     
          53          61   1.2512301751610369     
          55          61   1.4790750025785604     
          55          62   1.1682775899181133     
          57          62   1.6938569644280848     
          21          63  0.96936360700451818     
          33          64  0.96681262841057447     
          45          65  0.96671186592112579     
          57          66  0.96752920685033983     
          10          67  0.96714502560832438     
          22          68  0.96615469200779402     
          34          69  0.96629644425754557     
          46          70  0.96907950285789901     
           5          71  0.96677118509222171     
           6          72  0.96624549228973955     
           7          73  0.96628220987867042     
           8          74  0.96635571509678853     
           9          75  0.96934630543421951     
          58          76  0.96910643173325095     
          59          77  0.96630137899812885     
          60          78  0.96621713361420059     
          61          79  0.96558919687156297     
          62          80  0.96714279303808848     
          20          81  0.96994661277628980     
          26          82  0.94730741318610245     
          38          83  0.91672318338202141     
          40          84   1.6395547654034321     
          38          85  0.87256716769107578     
