   -0.42834405
    0.14272403
    0.14284667
    0.14277336
   -0.03528842
   -0.04357103
   -0.04424587
   -0.04445263
   -0.03690352
   -0.03530652
    0.01147940
    0.01157814
    0.00128454
    0.01130838
   -0.00012234
    0.01153035
   -0.00034030
    0.01283669
    0.00130564
   -0.02847341
   -0.03685583
   -0.04349539
    0.01097549
    0.00128497
    0.00006737
    0.00004264
   -0.00100739
    0.00053581
   -0.00139245
    0.00160856
   -0.00044161
    0.01264386
   -0.04399378
   -0.04421172
    0.01253207
   -0.00058222
    0.00151967
   -0.00144681
    0.00049663
   -0.00098922
    0.00009121
    0.00014798
    0.00143662
    0.01111266
   -0.04331906
   -0.03711658
   -0.02856942
    0.00120887
    0.01273839
   -0.00041257
    0.01147211
   -0.00013829
    0.01134827
    0.00137112
    0.01174942
    0.01165711
   -0.03513267
   -0.03709465
   -0.04466011
   -0.04433982
   -0.04351848
   -0.03513203
    0.03058582
    0.03145913
    0.03135120
    0.03074189
    0.03036309
    0.03100059
    0.03111009
    0.03024600
    0.03035411
    0.03102268
    0.03121750
    0.03138416
    0.03060848
    0.03039976
    0.03122912
    0.03120484
    0.03121897
    0.03070665
    0.02962508
    0.02936100
