           1           2  0.97895245911420192     
           1           3  0.97891215388479069     
           1           4  0.97893533034959768     
           5          10   1.6949360197064247     
          10          11   1.1652726421309931     
           5          12   1.1658115982221797     
           6          12   1.4850010675912704     
          12          13   1.1726908595101562     
           6          14   1.2398518728254544     
           7          14   1.4065256039284249     
          14          15   1.1801355660989836     
           7          16   1.2805991287498273     
           8          16   1.3602821623141914     
          16          17   1.1863124633255704     
           8          18   1.3148453073115638     
           9          18   1.2898398484815625     
          18          19   1.2191703205523605     
           9          20   1.4553213600974402     
          20          21   1.4380100327709753     
          11          22   1.4829419984385017     
          22          23   1.2401765518228665     
          11          24   1.1756870979115552     
          13          24   1.3376167397684424     
          24          25   1.2252271596292779     
          13          26   1.2299367353536177     
          15          26   1.3044617933786571     
          26          27   1.2200065103564928     
          15          28   1.2443911098072238     
          17          28   1.2923959545233472     
          28          29   1.2218171934413604     
          17          30   1.2473843890595862     
          19          30   1.2800339511029470     
          30          31   1.2385701010620536     
          19          32   1.2259430111325367     
          21          32   1.3039861429259791     
          32          33   1.2927738677289478     
          23          34   1.3960452762046311     
          34          35   1.2927716923723542     
          23          36   1.1900183474608712     
          25          36   1.2994199492047021     
          36          37   1.2385600910221237     
          25          38   1.2320043698129532     
          27          38   1.2887978806028513     
          38          39   1.2218130874460469     
          27          40   1.2380577058108924     
          29          40   1.2887977902949568     
          40          41   1.2200134110869618     
          29          42   1.2319996753303806     
          31          42   1.2994214929952048     
          42          43   1.2252410415722370     
          31          44   1.1899950699988597     
          33          44   1.3960731543942517     
          44          45   1.2401750272624008     
          35          46   1.3039527519409861     
          46          47   1.4380485232240059     
          35          48   1.2259698995394506     
          37          48   1.2800287021835581     
          48          49   1.2191590415806923     
          37          50   1.2473881800293218     
          39          50   1.2924005014642939     
          50          51   1.1863037602520103     
          39          52   1.2443894056591183     
          41          52   1.3044590382142394     
          52          53   1.1801370389112273     
          41          54   1.2299318843699310     
          43          54   1.3376310246781995     
          54          55   1.1726826883081953     
          43          56   1.1756484495686750     
          45          56   1.4829719932207002     
          56          57   1.1652878507284634     
          47          58   1.4552796900630698     
          49          58   1.2898645774842630     
          49          59   1.3148277373076505     
          51          59   1.3602866511306109     
          51          60   1.2805989315907602     
          53          60   1.4065274175865261     
          53          61   1.2398440728154787     
          55          61   1.4850106675147372     
          55          62   1.1658174828167429     
          57          62   1.6949416164913971     
          21          63  0.96958124629584286     
          33          64  0.96663516004260008     
          45          65  0.96615845542522216     
          57          66  0.96746560477219568     
          10          67  0.96749102618253546     
          22          68  0.96618281630809755     
          34          69  0.96665499130861920     
          46          70  0.96960092842637613     
           5          71  0.96745815657633294     
           6          72  0.96611599799251391     
           7          73  0.96651066623685555     
           8          74  0.96671396336236082     
           9          75  0.96951736458712956     
          58          76  0.96953202539090699     
          59          77  0.96672690021978902     
          60          78  0.96651246304879501     
          61          79  0.96610547979873496     
          62          80  0.96743404857818838     
          20          81  0.97008415066736964     
          47          82  0.97010003950143275     
